Step	PotentialEnergy	Width	Height	Area
0	-113.988805	18.7026	18.9460	354.3400
1	-114.411185	18.6402	18.9173	352.6231
2	-115.277702	18.5151	18.8600	349.1951
3	-116.642049	18.3256	18.7742	344.0481
4	-118.584953	18.0688	18.6621	337.2032
5	-121.144990	17.7397	18.5521	329.1073
6	-123.326367	17.4799	18.4227	322.0256
7	-126.019917	17.1841	18.3562	315.4361
8	-129.031787	16.8373	18.2809	307.8024
9	-131.005835	16.5886	18.1967	301.8578
10	-133.360058	16.3155	18.1034	295.3656
11	-135.966017	16.0122	18.0008	288.2324
12	-138.213980	15.7065	17.8887	280.9697
13	-140.870906	15.3680	17.7670	273.0430
14	-144.022127	14.9940	17.6354	264.4264
15	-147.775650	14.5922	17.4937	255.2711
16	-152.300475	14.2256	17.3415	246.6935
17	-157.852478	13.8272	17.1786	237.5315
18	-164.368296	13.3937	17.0045	227.7539
19	-171.509705	12.9293	16.8189	217.4563
20	-178.159217	12.5021	16.6213	207.8006
21	-184.266282	12.2428	16.4112	200.9196
22	-190.215727	11.8921	16.1880	192.5089
23	-196.298007	11.5909	15.9510	184.8862
24	-203.465733	11.2495	15.6992	176.6079
25	-211.918491	10.8676	15.4316	167.7050
26	-223.199016	10.4434	15.1472	158.1877
27	-234.392485	10.0081	14.8443	148.5634
28	-244.499234	9.6690	14.5216	140.4090
29	-250.445304	9.3310	14.1771	132.2865
30	-254.718207	8.9903	13.8092	124.1490
31	-258.492229	8.6970	13.6003	118.2820
32	-261.846083	8.4132	13.4039	112.7695
33	-265.984826	8.2383	13.1925	108.6842
34	-271.105191	8.1686	12.9651	105.9070
35	-277.211761	8.1004	12.7213	103.0478
36	-281.821010	8.1564	12.4615	101.6406
37	-283.160148	8.1806	12.1856	99.6858
38	-283.395042	8.2240	11.8931	97.8088
39	-284.291209	8.2667	11.5833	95.7560
40	-283.653409	8.2868	11.2556	93.2723
41	-283.404242	8.2803	10.9083	90.3245
42	-283.606994	8.2636	10.5398	87.0975
43	-284.233445	8.2375	10.2087	84.0936
44	-284.717842	8.2381	9.9177	81.7024
45	-285.405633	8.2066	9.6332	79.0556
46	-286.233481	8.1773	9.3578	76.5212
47	-286.899583	8.1714	9.1914	75.1060
48	-287.508255	8.1571	9.0422	73.7585
49	-287.976159	8.1843	8.8844	72.7128
50	-288.244273	8.2019	8.7290	71.5940
51	-288.458166	8.1778	8.5658	70.0491
52	-288.611663	8.1909	8.4356	69.0948
53	-288.633289	8.2063	8.4187	69.0865
54	-288.758906	8.2247	8.4045	69.1237
55	-288.877570	8.2460	8.3729	69.0429
56	-289.535729	8.2598	8.3467	68.9418
57	-290.418124	8.2799	8.3088	68.7960
58	-291.613368	8.2978	8.2580	68.5226
59	-292.921837	8.3197	8.1863	68.1069
60	-293.692418	8.3494	8.1511	68.0573
61	-293.870917	8.3630	8.1504	68.1617
62	-293.979060	8.3820	8.1601	68.3986
63	-293.959214	8.4102	8.1673	68.6885
64	-293.959502	8.4287	8.1708	68.8696
65	-294.008581	8.4402	8.1741	68.9909
66	-294.051748	8.4494	8.1779	69.0982
67	-294.094580	8.4569	8.1821	69.1950
68	-294.134706	8.4632	8.1866	69.2847
69	-294.172047	8.4685	8.1914	69.3688
70	-294.206396	8.4731	8.1964	69.4482
71	-294.237723	8.4769	8.2015	69.5237
72	-294.266150	8.4802	8.2069	69.5958
73	-294.291893	8.4831	8.2123	69.6651
74	-294.315209	8.4856	8.2177	69.7319
75	-294.336366	8.4878	8.2232	69.7963
76	-294.355614	8.4897	8.2286	69.8586
77	-294.373180	8.4915	8.2340	69.9188
78	-294.389265	8.4930	8.2394	69.9770
79	-294.404039	8.4944	8.2447	70.0333
80	-294.417652	8.4956	8.2499	70.0877
81	-294.430228	8.4967	8.2550	70.1402
82	-294.441876	8.4977	8.2600	70.1909
83	-294.452688	8.4985	8.2650	70.2398
84	-294.462743	8.4992	8.2698	70.2870
85	-294.472111	8.4998	8.2746	70.3323
86	-294.480852	8.5003	8.2792	70.3759
87	-294.489017	8.5007	8.2838	70.4178
88	-294.496653	8.5010	8.2882	70.4580
89	-294.503802	8.5011	8.2926	70.4965
90	-294.510500	8.5012	8.2969	70.5332
91	-294.516779	8.5012	8.3010	70.5684
92	-294.522671	8.5010	8.3051	70.6018
93	-294.528202	8.5008	8.3091	70.6336
94	-294.533371	8.5005	8.3129	70.6638
95	-294.584895	8.4955	8.3167	70.6542
96	-294.564873	8.5021	8.3212	70.7481
97	-294.534480	8.5045	8.3240	70.7922
98	-294.552740	8.5030	8.3268	70.8029
99	-294.561461	8.5011	8.3302	70.8159
100	-294.568045	8.4993	8.3336	70.8298
101	-294.572349	8.4976	8.3370	70.8444
102	-294.622605	8.4916	8.3403	70.8219
103	-294.601154	8.4971	8.3443	70.9020
104	-294.568872	8.4986	8.3465	70.9331
105	-294.585200	8.4961	8.3487	70.9314
106	-294.592041	8.4935	8.3514	70.9324
107	-294.596687	8.4908	8.3542	70.9344
108	-294.646539	8.4841	8.3570	70.9015
109	-294.624265	8.4888	8.3604	70.9703
110	-294.590819	8.4896	8.3621	70.9909
111	-294.605995	8.4865	8.3638	70.9789
112	-294.611692	8.4831	8.3660	70.9699
113	-294.615003	8.4799	8.3691	70.9693
114	-294.663893	8.4728	8.3810	71.0106
115	-294.640940	8.4768	8.3897	71.1176
116	-294.606793	8.4769	8.4007	71.2122
117	-294.621011	8.4732	8.4125	71.2812
118	-294.625837	8.4693	8.4244	71.3492
119	-294.628143	8.4656	8.4361	71.4168
120	-294.676346	8.4580	8.4476	71.4499
121	-294.652938	8.4614	8.4557	71.5477
122	-294.618337	8.4610	8.4662	71.6324
123	-294.631872	8.4575	8.4775	71.6986
124	-294.636006	8.4612	8.4889	71.8257
125	-294.685860	8.4622	8.5000	71.9289
126	-294.662432	8.4686	8.5080	72.0503
127	-294.627167	8.4743	8.5181	72.1855
128	-294.640582	8.4779	8.5290	72.3084
129	-294.644362	8.4810	8.5401	72.4282
130	-294.693895	8.4816	8.5509	72.5249
131	-294.670168	8.4874	8.5584	72.6389
132	-294.634537	8.4926	8.5682	72.7661
133	-294.647542	8.4957	8.5786	72.8811
134	-294.650855	8.4982	8.5892	72.9931
135	-294.700054	8.4984	8.5996	73.0831
136	-294.676092	8.5037	8.6068	73.1894
137	-294.640217	8.5084	8.6160	73.3085
138	-294.652889	8.5109	8.6260	73.4153
139	-294.655829	8.5130	8.6362	73.5193
140	-294.704773	8.5128	8.6461	73.6025
141	-294.680643	8.5175	8.6529	73.7010
142	-294.644599	8.5217	8.6617	73.8117
143	-294.657018	8.5237	8.6712	73.9102
144	-294.659670	8.5252	8.6809	74.0063
145	-294.708421	8.5247	8.6903	74.0824
146	-294.684166	8.5288	8.6967	74.1731
147	-294.647998	8.5325	8.7050	74.2752
148	-294.660222	8.5339	8.7141	74.3653
149	-294.662652	8.5350	8.7233	74.4531
150	-294.711255	8.5341	8.7323	74.5221
151	-294.686904	8.5377	8.7383	74.6048
152	-294.650643	8.5408	8.7461	74.6983
153	-294.662716	8.5417	8.7547	74.7798
154	-294.664974	8.5422	8.7634	74.8594
155	-294.713462	8.5409	8.7720	74.9211
156	-294.689038	8.5440	8.7776	74.9957
157	-294.652705	8.5465	8.7849	75.0805
158	-294.664660	8.5470	8.7930	75.1533
159	-294.666784	8.5470	8.8013	75.2244
160	-294.715183	8.5453	8.8094	75.2789
161	-294.690702	8.5478	8.8145	75.3452
162	-294.654312	8.5498	8.8214	75.4211
163	-294.666176	8.5497	8.8290	75.4852
164	-294.668196	8.5492	8.8368	75.5478
165	-294.716526	8.5472	8.8444	75.5948
166	-294.692001	8.5491	8.8492	75.6529
167	-294.655567	8.5506	8.8555	75.7198
168	-294.667360	8.5500	8.8626	75.7750
169	-294.669298	8.5490	8.8700	75.8290
170	-294.717574	8.5465	8.8771	75.8686
171	-294.693015	8.5479	8.8815	75.9183
172	-294.656547	8.5488	8.8873	75.9762
173	-294.668284	8.5477	8.8939	76.0224
174	-294.670159	8.5462	8.9008	76.0678
175	-294.718393	8.5433	8.9075	76.0999
176	-294.693806	8.5442	8.9114	76.1411
177	-294.657312	8.5446	8.9167	76.1899
178	-294.669006	8.5429	8.9229	76.2271
179	-294.670831	8.5409	8.9293	76.2638
180	-294.719032	8.5377	8.9355	76.2883
181	-294.694425	8.5380	8.9390	76.3209
182	-294.657909	8.5378	8.9438	76.3606
183	-294.669570	8.5356	8.9494	76.3888
184	-294.671356	8.5331	8.9554	76.4167
185	-294.719531	8.5295	8.9611	76.4336
186	-294.694908	8.5292	8.9642	76.4577
187	-294.658376	8.5285	8.9685	76.4881
188	-294.670010	8.5258	8.9736	76.5072
189	-294.671766	8.5227	8.9791	76.5263
190	-294.719921	8.5187	8.9844	76.5355
191	-294.695285	8.5180	8.9870	76.5511
192	-294.658741	8.5167	8.9908	76.5722
193	-294.670354	8.5135	8.9954	76.5822
194	-294.672087	8.5099	9.0004	76.5924
195	-294.720226	8.5055	9.0052	76.5941
196	-294.695580	8.5042	9.0074	76.6010
197	-294.659026	8.5024	9.0107	76.6128
198	-294.670623	8.4986	9.0148	76.6137
199	-294.672337	8.4945	9.0193	76.6151
200	-294.720464	8.4898	9.0236	76.6090
201	-294.695810	8.4879	9.0254	76.6073
202	-294.659248	8.4856	9.0282	76.6099
203	-294.670833	8.4813	9.0318	76.6016
204	-294.672533	8.4767	9.0358	76.5941
205	-294.720650	8.4716	9.0397	76.5804
206	-294.695990	8.4692	9.0410	76.5701
207	-294.659422	8.4663	9.0433	76.5634
208	-294.670997	8.4615	9.0464	76.5460
209	-294.672685	8.4564	9.0499	76.5296
210	-294.720796	8.4509	9.0533	76.5083
211	-294.696131	8.4479	9.0542	76.4893
212	-294.659558	8.4445	9.0560	76.4733
213	-294.671125	8.4391	9.0586	76.4468
214	-294.672805	8.4336	9.0616	76.4216
215	-294.720909	8.4277	9.0645	76.3927
216	-294.696241	8.4242	9.0650	76.3651
217	-294.659665	8.4202	9.0662	76.3398
218	-294.671225	8.4144	9.0683	76.3042
219	-294.672898	8.4083	9.0709	76.2702
220	-294.720998	8.4020	9.0732	76.2337
221	-294.696327	8.3980	9.0733	76.1976
222	-294.659748	8.3935	9.0741	76.1630
223	-294.671304	8.3871	9.0756	76.1184
224	-294.672971	8.3805	9.0777	76.0756
225	-294.721068	8.3739	9.0796	76.0315
226	-294.696394	8.3693	9.0792	75.9869
227	-294.659813	8.3643	9.0795	75.9431
228	-294.671365	8.3574	9.0805	75.8895
229	-294.673028	8.3503	9.0821	75.8380
230	-294.721122	8.3433	9.0835	75.7865
231	-294.696446	8.3382	9.0827	75.7333
232	-294.659863	8.3326	9.0824	75.6804
233	-294.671413	8.3252	9.0830	75.6178
234	-294.673073	8.3177	9.0840	75.5577
235	-294.721164	8.3103	9.0849	75.4987
236	-294.696487	8.3046	9.0838	75.4371
237	-294.659903	8.2985	9.0829	75.3752
238	-294.671450	8.2906	9.0830	75.3037
239	-294.673108	8.2826	9.0835	75.2350
240	-294.721197	8.2749	9.0839	75.1687
241	-294.696519	8.2686	9.0824	75.0988
242	-294.659934	8.2620	9.0810	75.0278
243	-294.671479	8.2536	9.0806	74.9476
244	-294.673135	8.2451	9.0806	74.8703
245	-294.721223	8.2370	9.0805	74.7968
246	-294.696544	8.2303	9.0785	74.7185
247	-294.659958	8.2231	9.0767	74.6387
248	-294.671502	8.2142	9.0757	74.5498
249	-294.673156	8.2052	9.0753	74.4641
250	-294.721243	8.1968	9.0747	74.3834
251	-294.696564	8.1895	9.0723	74.2970
252	-294.659977	8.1818	9.0699	74.2083
253	-294.671520	8.1724	9.0684	74.1108
254	-294.673173	8.1629	9.0675	74.0168
255	-294.721259	8.1541	9.0664	73.9290
256	-294.696579	8.1463	9.0636	73.8345
257	-294.659992	8.1381	9.0607	73.7371
258	-294.671534	8.1282	9.0587	73.6312
259	-294.673186	8.1182	9.0573	73.5290
260	-294.721272	8.1091	9.0557	73.4342
261	-294.696591	8.1090	9.0524	73.4065
262	-294.660003	8.1128	9.0491	73.4135
263	-294.671545	8.1165	9.0466	73.4263
264	-294.673196	8.1203	9.0446	73.4455
265	-294.721281	8.1252	9.0426	73.4725
266	-294.696601	8.1297	9.0389	73.4836
267	-294.660012	8.1330	9.0350	73.4815
268	-294.671554	8.1361	9.0320	73.4852
269	-294.673204	8.1394	9.0296	73.4957
270	-294.721289	8.1439	9.0271	73.5151
271	-294.696608	8.1479	9.0229	73.5176
272	-294.660019	8.1506	9.0185	73.5064
273	-294.671560	8.1532	9.0150	73.5011
274	-294.673210	8.1560	9.0121	73.5028
275	-294.721295	8.1600	9.0091	73.5146
276	-294.696614	8.1635	9.0046	73.5085
277	-294.660025	8.1656	8.9997	73.4881
278	-294.671565	8.1677	8.9956	73.4739
279	-294.673215	8.1700	8.9922	73.4667
280	-294.721299	8.1737	8.9887	73.4709
281	-294.696618	8.1765	8.9838	73.4563
282	-294.660029	8.1782	8.9784	73.4269
283	-294.671569	8.1797	8.9739	73.4036
284	-294.673219	8.1815	8.9700	73.3877
285	-294.721303	8.1847	8.9660	73.3843
286	-294.696622	8.1871	8.9606	73.3611
287	-294.660033	8.1882	8.9547	73.3226
288	-294.671573	8.1892	8.9497	73.2904
289	-294.673222	8.1904	8.9453	73.2658
290	-294.721306	8.1933	8.9408	73.2548
291	-294.696624	8.1950	8.9351	73.2231
292	-294.660035	8.1956	8.9287	73.1756
293	-294.671575	8.1961	8.9231	73.1344
294	-294.673224	8.1968	8.9183	73.1011
295	-294.721308	8.1993	8.9133	73.0825
296	-294.696626	8.2004	8.9071	73.0424
297	-294.660037	8.2005	8.9002	72.9860
298	-294.671577	8.2004	8.8942	72.9359
299	-294.673226	8.2006	8.8888	72.8939
300	-294.721310	8.2027	8.8834	72.8678
301	-294.696628	8.2033	8.8768	72.8193
302	-294.660039	8.2028	8.8694	72.7540
303	-294.671579	8.2022	8.8629	72.6951
304	-294.673227	8.2019	8.8571	72.6445
305	-294.721311	8.2035	8.8512	72.6109
306	-294.696629	8.2036	8.8442	72.5541
307	-294.660040	8.2025	8.8363	72.4799
308	-294.671580	8.2014	8.8293	72.4124
309	-294.673228	8.2006	8.8229	72.3532
310	-294.721312	8.2018	8.8166	72.3121
311	-294.696630	8.2013	8.8092	72.2471
312	-294.660041	8.1997	8.8008	72.1642
313	-294.671581	8.1981	8.7933	72.0880
314	-294.673229	8.1967	8.7865	72.0204
315	-294.721313	8.1976	8.7796	71.9719
316	-294.696631	8.1965	8.7718	71.8987
317	-294.660042	8.1944	8.7630	71.8072
318	-294.671581	8.1922	8.7550	71.7225
319	-294.673230	8.1903	8.7477	71.6465
320	-294.721314	8.1908	8.7404	71.5907
321	-294.696632	8.1892	8.7322	71.5094
322	-294.660043	8.1865	8.7228	71.4095
323	-294.671582	8.1838	8.7144	71.3162
324	-294.673230	8.1814	8.7066	71.2320
325	-294.721314	8.1814	8.6988	71.1690
326	-294.696632	8.1792	8.6903	71.0798
327	-294.660043	8.1760	8.6804	70.9714
328	-294.671582	8.1728	8.6715	70.8699
329	-294.673231	8.1698	8.6633	70.7774
330	-294.721314	8.1695	8.6550	70.7073
331	-294.696633	8.1668	8.6460	70.6102
332	-294.660043	8.1630	8.6357	70.4936
333	-294.671583	8.1592	8.6263	70.3839
334	-294.673231	8.1558	8.6176	70.2834
335	-294.721315	8.1551	8.6089	70.2062
336	-294.696633	8.1518	8.5996	70.1015
337	-294.660044	8.1475	8.5888	69.9768
338	-294.671583	8.1431	8.5789	69.8590
339	-294.673231	8.1392	8.5697	69.7506
340	-294.721315	8.1381	8.5606	69.6664
341	-294.696633	8.1342	8.5508	69.5541
342	-294.660044	8.1294	8.5396	69.4215
343	-294.671583	8.1245	8.5292	69.2957
344	-294.673232	8.1201	8.5249	69.2224
345	-294.721315	8.1186	8.5180	69.1542
346	-294.696633	8.1141	8.5255	69.1770
347	-294.660044	8.1088	8.5271	69.1442
348	-294.671583	8.1034	8.5268	69.0959
349	-294.673232	8.0984	8.5267	69.0528
350	-294.721315	8.0965	8.5195	68.9781
351	-294.696634	8.0915	8.5265	68.9924
352	-294.660044	8.0860	8.5277	68.9543
353	-294.671584	8.0865	8.5269	68.9527
354	-294.673232	8.0877	8.5264	68.9588
355	-294.721315	8.0956	8.5188	68.9640
356	-294.696634	8.0927	8.5253	68.9929
357	-294.660044	8.0920	8.5260	68.9925
358	-294.671584	8.0921	8.5248	68.9835
359	-294.673232	8.0928	8.5238	68.9819
360	-294.721316	8.1001	8.5158	68.9785
361	-294.696634	8.0968	8.5219	69.0004
362	-294.660044	8.0957	8.5222	68.9930
363	-294.671584	8.0954	8.5205	68.9766
364	-294.673232	8.0956	8.5191	68.9673
365	-294.721316	8.1022	8.5107	68.9553
366	-294.696634	8.0985	8.5164	68.9702
367	-294.660044	8.0971	8.5161	68.9557
368	-294.671584	8.0963	8.5140	68.9318
369	-294.673232	8.0961	8.5121	68.9150
370	-294.721316	8.1020	8.5034	68.8943
371	-294.696634	8.0980	8.5086	68.9021
372	-294.660044	8.0961	8.5079	68.8807
373	-294.671584	8.0948	8.5053	68.8494
374	-294.673232	8.0942	8.5030	68.8249
375	-294.721316	8.0995	8.4938	68.7956
376	-294.696634	8.0950	8.4986	68.7965
377	-294.660045	8.0927	8.4975	68.7680
378	-294.671584	8.0911	8.4945	68.7293
379	-294.673232	8.0900	8.4917	68.6973
380	-294.721316	8.0946	8.4821	68.6593
381	-294.696634	8.0898	8.4864	68.6533
382	-294.660045	8.0871	8.4849	68.6178
383	-294.671584	8.0850	8.4814	68.5718
384	-294.673232	8.0834	8.4781	68.5322
385	-294.721316	8.0874	8.4682	68.4857
386	-294.696634	8.0821	8.4721	68.4727
387	-294.660045	8.0791	8.4701	68.4303
388	-294.671584	8.0765	8.4661	68.3770
389	-294.673232	8.0745	8.4624	68.3300
390	-294.721316	8.0778	8.4522	68.2750
391	-294.696634	8.0722	8.4556	68.2550
392	-294.660045	8.0687	8.4531	68.2057
393	-294.671584	8.0657	8.4487	68.1451
394	-294.673232	8.0632	8.4446	68.0907
395	-294.721316	8.0659	8.4339	68.0273
396	-294.696634	8.0599	8.4369	68.0004
397	-294.660045	8.0560	8.4339	67.9443
398	-294.671584	8.0526	8.4291	67.8766
399	-294.673232	8.0497	8.4245	67.8147
400	-294.721316	8.0517	8.4135	67.7430
401	-294.696634	8.0453	8.4160	67.7092
402	-294.660045	8.0410	8.4126	67.6463
403	-294.671584	8.0372	8.4074	67.5716
404	-294.673232	8.0338	8.4023	67.5024
405	-294.721316	8.0351	8.3909	67.4224
406	-294.696634	8.0284	8.3930	67.3819
407	-294.660045	8.0237	8.3892	67.3123
408	-294.671584	8.0194	8.3834	67.2305
409	-294.673232	8.0156	8.3780	67.1542
410	-294.721316	8.0163	8.3662	67.0660
411	-294.696634	8.0091	8.3678	67.0187
412	-294.660045	8.0041	8.3635	66.9425
413	-294.671584	7.9994	8.3574	66.8538
414	-294.673232	7.9950	8.3515	66.7704
415	-294.721316	7.9951	8.3394	66.6741
416	-294.696634	7.9876	8.3405	66.6202
417	-294.660045	7.9821	8.3358	66.5374
418	-294.671584	7.9770	8.3292	66.4419
419	-294.673232	7.9722	8.3228	66.3514
420	-294.721316	7.9716	8.3144	66.2791
421	-294.696634	7.9637	8.3269	66.3133
422	-294.660045	7.9579	8.3352	66.3306
423	-294.671584	7.9523	8.3397	66.3200
424	-294.673232	7.9471	8.3438	66.3092
425	-294.721316	7.9458	8.3420	66.2840
426	-294.696634	7.9376	8.3541	66.3110
427	-294.660045	7.9314	8.3619	66.3213
428	-294.671584	7.9254	8.3660	66.3033
429	-294.673232	7.9197	8.3697	66.2850
430	-294.721316	7.9178	8.3675	66.2516
431	-294.696634	7.9114	8.3791	66.2902
432	-294.660045	7.9200	8.3865	66.4213
433	-294.671584	7.9286	8.3901	66.5217
434	-294.673232	7.9377	8.3934	66.6236
435	-294.721316	7.9467	8.3908	66.6796
436	-294.696634	7.9566	8.4020	66.8510
437	-294.660045	7.9648	8.4089	66.9755
438	-294.671584	7.9729	8.4121	67.0690
439	-294.673232	7.9816	8.4149	67.1641
440	-294.721316	7.9902	8.4120	67.2139
441	-294.696634	7.9996	8.4228	67.3787
442	-294.660045	8.0074	8.4292	67.4964
443	-294.671584	8.0151	8.4319	67.5828
444	-294.673232	8.0233	8.4343	67.6710
445	-294.721316	8.0315	8.4311	67.7145
446	-294.696634	8.0405	8.4414	67.8726
447	-294.660045	8.0478	8.4474	67.9833
448	-294.671584	8.0551	8.4496	68.0627
449	-294.673232	8.0629	8.4516	68.1438
450	-294.721316	8.0706	8.4480	68.1809
451	-294.696634	8.0792	8.4578	68.3321
452	-294.660045	8.0861	8.4634	68.4358
453	-294.671584	8.0929	8.4652	68.5079
454	-294.673232	8.1002	8.4667	68.5820
455	-294.721316	8.1076	8.4628	68.6126
456	-294.696634	8.1157	8.4721	68.7567
457	-294.660045	8.1221	8.4772	68.8532
458	-294.671584	8.1285	8.4786	68.9180
459	-294.673232	8.1354	8.4796	68.9849
460	-294.721316	8.1423	8.4754	69.0090
461	-294.696634	8.1499	8.4842	69.1460
462	-294.660045	8.1560	8.4889	69.2352
463	-294.671584	8.1619	8.4898	69.2926
464	-294.673232	8.1683	8.4904	69.3521
465	-294.721316	8.1748	8.4858	69.3697
466	-294.696634	8.1820	8.4942	69.4994
467	-294.660045	8.1876	8.4984	69.5811
468	-294.671584	8.1930	8.4988	69.6311
469	-294.673232	8.1990	8.4990	69.6833
470	-294.721316	8.2051	8.4941	69.6943
471	-294.696634	8.2118	8.5019	69.8165
472	-294.660045	8.2169	8.5057	69.8908
473	-294.671584	8.2220	8.5057	69.9332
474	-294.673232	8.2275	8.5054	69.9779
475	-294.721316	8.2331	8.5001	69.9823
476	-294.696634	8.2394	8.5075	70.0970
477	-294.660045	8.2441	8.5108	70.1637
478	-294.671584	8.2486	8.5103	70.1985
479	-294.673232	8.2537	8.5096	70.2357
480	-294.721316	8.2588	8.5040	70.2335
481	-294.696634	8.2647	8.5110	70.3405
482	-294.660045	8.2689	8.5138	70.3996
483	-294.671584	8.2730	8.5128	70.4268
484	-294.673232	8.2777	8.5116	70.4564
485	-294.721316	8.2823	8.5058	70.4475
486	-294.696634	8.2877	8.5122	70.5467
487	-294.660045	8.2915	8.5145	70.5982
488	-294.671584	8.2951	8.5131	70.6176
489	-294.673232	8.2993	8.5115	70.6397
490	-294.721316	8.3036	8.5053	70.6242
491	-294.696634	8.3085	8.5112	70.7155
492	-294.660045	8.3118	8.5131	70.7592
493	-294.671584	8.3150	8.5113	70.7710
494	-294.673232	8.3187	8.5092	70.7854
495	-294.721316	8.3225	8.5027	70.7632
496	-294.696634	8.3270	8.5081	70.8466
497	-294.660045	8.3298	8.5095	70.8825
498	-294.671584	8.3325	8.5072	70.8865
499	-294.673232	8.3358	8.5047	70.8934
