Step	PotentialEnergy	Width	Height	Area
0	-5623.672772	25.0000	25.0000	625.0000
1	-5634.944632	25.0000	25.0000	625.0000
2	-5657.533989	25.0000	25.0000	625.0000
3	-5691.216914	25.0000	25.0000	625.0000
4	-5736.011877	25.0000	25.0000	625.0000
5	-5792.231237	25.0000	25.0000	625.0000
6	-5859.995800	25.0000	25.0000	625.0000
7	-5939.671467	25.0000	25.0000	625.0000
8	-6030.779139	25.0000	25.0000	625.0000
9	-6134.884776	25.0000	25.0000	625.0000
10	-6251.330205	25.0000	25.0000	625.0000
11	-6382.569454	25.0000	25.0000	625.0000
12	-6529.243120	25.0000	25.0000	625.0000
13	-6691.546417	25.0000	25.0000	625.0000
14	-6866.146155	25.0000	25.0000	625.0000
15	-7054.748362	25.0000	25.0000	625.0000
16	-7259.394499	25.0000	25.0000	625.0000
17	-7478.750688	25.0000	25.0000	625.0000
18	-7717.799872	25.0000	25.0000	625.0000
19	-7976.321322	25.0000	25.0000	625.0000
20	-8253.411768	25.0000	25.0000	625.0000
21	-8535.818042	25.0000	25.0000	625.0000
22	-8844.916269	25.0000	25.0000	625.0000
23	-9160.787645	25.0000	25.0000	625.0000
24	-9559.817410	25.0000	25.0000	625.0000
25	-10079.637005	25.0000	25.0000	625.0000
26	-10404.162212	25.0000	25.0000	625.0000
27	-10244.200911	25.0000	25.0000	625.0000
28	-10637.171246	25.0000	25.0000	625.0000
29	-11292.506191	25.0000	25.0000	625.0000
30	-11179.275204	25.0000	25.0000	625.0000
31	-10389.702107	25.0000	25.0000	625.0000
32	-10386.446816	25.0000	25.0000	625.0000
33	-10537.178037	25.0000	25.0000	625.0000
34	-10774.561618	25.0000	25.0000	625.0000
35	-10975.103620	25.0000	25.0000	625.0000
36	-11432.064971	25.0000	25.0000	625.0000
37	-11366.231941	25.0000	25.0000	625.0000
38	-11735.037326	25.0000	25.0000	625.0000
39	-11848.964660	25.0000	25.0000	625.0000
40	-12019.140817	25.0000	25.0000	625.0000
41	-11978.532488	25.0000	25.0000	625.0000
42	-12036.463367	25.0000	25.0000	625.0000
43	-12101.486345	25.0000	25.0000	625.0000
44	-12240.008333	25.0000	25.0000	625.0000
45	-12142.646783	25.0000	25.0000	625.0000
46	-12264.881970	25.0000	25.0000	625.0000
47	-12301.129221	25.0000	25.0000	625.0000
48	-12372.247036	25.0000	25.0000	625.0000
49	-12233.271802	25.0000	25.0000	625.0000
50	-12248.592932	25.0000	25.0000	625.0000
51	-12257.011403	25.0000	25.0000	625.0000
52	-12331.396628	25.0000	25.0000	625.0000
53	-12533.516767	25.0000	25.0000	625.0000
54	-12224.690532	25.0000	25.0000	625.0000
55	-12390.068220	25.0000	25.0000	625.0000
56	-12393.604661	25.0000	25.0000	625.0000
57	-13210.693299	25.0000	25.0000	625.0000
58	-13083.984919	25.0000	25.0000	625.0000
59	-12583.124209	25.0000	25.0000	625.0000
60	-12705.054839	25.0000	25.0000	625.0000
61	-12859.377212	25.0000	25.0000	625.0000
62	-12932.287002	25.0000	25.0000	625.0000
63	-12800.336890	25.0000	25.0000	625.0000
64	-13002.465739	25.0000	25.0000	625.0000
65	-12989.157458	25.0000	25.0000	625.0000
66	-12697.137330	25.0000	25.0000	625.0000
67	-13118.075419	25.0000	25.0000	625.0000
68	-13363.044848	25.0000	25.0000	625.0000
69	-12976.430880	25.0000	25.0000	625.0000
70	-13044.577427	25.0000	25.0000	625.0000
71	-13494.835363	25.0000	25.0000	625.0000
72	-13221.801899	25.0000	25.0000	625.0000
73	-13243.357359	25.0000	25.0000	625.0000
74	-13551.007791	25.0000	25.0000	625.0000
75	-13299.456175	25.0000	25.0000	625.0000
76	-13463.830937	25.0000	25.0000	625.0000
77	-13434.132687	25.0000	25.0000	625.0000
78	-13464.245731	25.0000	25.0000	625.0000
79	-13929.234374	25.0000	25.0000	625.0000
80	-14054.641100	25.0000	25.0000	625.0000
81	-13877.292706	25.0000	25.0000	625.0000
82	-13430.584673	25.0000	25.0000	625.0000
83	-13499.703927	25.0000	25.0000	625.0000
84	-13684.961831	25.0000	25.0000	625.0000
85	-13694.160214	25.0000	25.0000	625.0000
86	-13564.190741	25.0000	25.0000	625.0000
87	-14201.741787	25.0000	25.0000	625.0000
88	-13999.742821	25.0000	25.0000	625.0000
89	-13233.544385	25.0000	25.0000	625.0000
90	-14281.434531	25.0000	25.0000	625.0000
91	-13502.952911	25.0000	25.0000	625.0000
92	-13630.306136	25.0000	25.0000	625.0000
93	-13488.663128	25.0000	25.0000	625.0000
94	-13157.272241	25.0000	25.0000	625.0000
95	-13420.928830	25.0000	25.0000	625.0000
96	-13724.135887	25.0000	25.0000	625.0000
97	-13502.103216	25.0000	25.0000	625.0000
98	-13434.732325	25.0000	25.0000	625.0000
99	-13498.691450	25.0000	25.0000	625.0000
100	-13545.092176	25.0000	25.0000	625.0000
101	-13820.597544	25.0000	25.0000	625.0000
102	-13359.709600	25.0000	25.0000	625.0000
103	-12953.396476	25.0000	25.0000	625.0000
104	-13308.519904	25.0000	25.0000	625.0000
105	-13304.538126	25.0000	25.0000	625.0000
106	-13534.907513	25.0000	25.0000	625.0000
107	-13676.933231	25.0000	25.0000	625.0000
108	-14023.797824	25.0000	25.0000	625.0000
109	-13528.476154	25.0000	25.0000	625.0000
110	-13092.867355	25.0000	25.0000	625.0000
111	-13319.947759	25.0000	25.0000	625.0000
112	-14063.075148	25.0000	25.0000	625.0000
113	-13393.023519	25.0000	25.0000	625.0000
114	-13909.961653	25.0000	25.0000	625.0000
115	-13561.938205	25.0000	25.0000	625.0000
116	-13650.552227	25.0000	25.0000	625.0000
117	-13267.169178	25.0000	25.0000	625.0000
118	-13916.378254	25.0000	25.0000	625.0000
119	-13639.928640	25.0000	25.0000	625.0000
120	-13847.301703	25.0000	25.0000	625.0000
121	-13893.867116	25.0000	25.0000	625.0000
122	-13420.839403	25.0000	25.0000	625.0000
123	-13493.864556	25.0000	25.0000	625.0000
124	-13474.991210	25.0000	25.0000	625.0000
125	-13916.997844	25.0000	25.0000	625.0000
126	-13385.470710	25.0000	25.0000	625.0000
127	-13243.474744	25.0000	25.0000	625.0000
128	-13110.239441	25.0000	25.0000	625.0000
129	-13370.938227	25.0000	25.0000	625.0000
130	-13341.851288	25.0000	25.0000	625.0000
131	-13568.365349	25.0000	25.0000	625.0000
132	-13480.605181	25.0000	25.0000	625.0000
133	-13295.959536	25.0000	25.0000	625.0000
134	-13492.044817	25.0000	25.0000	625.0000
135	-13290.867905	25.0000	25.0000	625.0000
136	-13647.320460	25.0000	25.0000	625.0000
137	-13030.926035	25.0000	25.0000	625.0000
138	-13202.883798	25.0000	25.0000	625.0000
139	-13718.742925	25.0000	25.0000	625.0000
140	-13593.945944	25.0000	25.0000	625.0000
141	-13501.084143	25.0000	25.0000	625.0000
142	-13683.810740	25.0000	25.0000	625.0000
143	-13899.297282	25.0000	25.0000	625.0000
144	-13755.382185	25.0000	25.0000	625.0000
145	-13766.131396	25.0000	25.0000	625.0000
146	-13850.211625	25.0000	25.0000	625.0000
147	-13460.693444	25.0000	25.0000	625.0000
148	-13937.735209	25.0000	25.0000	625.0000
149	-13580.191803	25.0000	25.0000	625.0000
150	-13409.856189	25.0000	25.0000	625.0000
151	-13841.493207	25.0000	25.0000	625.0000
152	-13414.001673	25.0000	25.0000	625.0000
153	-13366.069188	25.0000	25.0000	625.0000
154	-13317.710473	25.0000	25.0000	625.0000
155	-13013.513773	25.0000	25.0000	625.0000
156	-13844.471959	25.0000	25.0000	625.0000
157	-13190.865253	25.0000	25.0000	625.0000
158	-13154.969338	25.0000	25.0000	625.0000
159	-13202.653205	25.0000	25.0000	625.0000
160	-13140.275384	25.0000	25.0000	625.0000
161	-13369.192132	25.0000	25.0000	625.0000
162	-13146.015847	25.0000	25.0000	625.0000
163	-14110.860624	25.0000	25.0000	625.0000
164	-13600.503967	25.0000	25.0000	625.0000
165	-13358.671323	25.0000	25.0000	625.0000
166	-14349.529134	25.0000	25.0000	625.0000
167	-13879.782710	25.0000	25.0000	625.0000
168	-13916.930418	25.0000	25.0000	625.0000
169	-13282.123924	25.0000	25.0000	625.0000
170	-13164.080241	25.0000	25.0000	625.0000
171	-13364.793994	25.0000	25.0000	625.0000
172	-13621.265541	25.0000	25.0000	625.0000
173	-13804.907084	25.0000	25.0000	625.0000
174	-13830.384813	25.0000	25.0000	625.0000
175	-13517.042389	25.0000	25.0000	625.0000
176	-13893.511632	25.0000	25.0000	625.0000
177	-13873.926407	25.0000	25.0000	625.0000
178	-13815.814390	25.0000	25.0000	625.0000
179	-13912.905613	25.0000	25.0000	625.0000
180	-14146.694696	25.0000	25.0000	625.0000
181	-14097.645046	25.0000	25.0000	625.0000
182	-13722.290325	25.0000	25.0000	625.0000
183	-13365.715115	25.0000	25.0000	625.0000
184	-13697.008575	25.0000	25.0000	625.0000
185	-13470.750590	25.0000	25.0000	625.0000
186	-13903.490128	25.0000	25.0000	625.0000
187	-13780.317356	25.0000	25.0000	625.0000
188	-13832.150967	25.0000	25.0000	625.0000
189	-13435.003527	25.0000	25.0000	625.0000
190	-13585.764098	25.0000	25.0000	625.0000
191	-13878.248422	25.0000	25.0000	625.0000
192	-13822.920574	25.0000	25.0000	625.0000
193	-14339.268240	25.0000	25.0000	625.0000
194	-13992.827150	25.0000	25.0000	625.0000
195	-13724.063376	25.0000	25.0000	625.0000
196	-13828.188661	25.0000	25.0000	625.0000
197	-14267.104772	25.0000	25.0000	625.0000
198	-13986.683643	25.0000	25.0000	625.0000
199	-14415.081580	25.0000	25.0000	625.0000
200	-13853.511996	25.0000	25.0000	625.0000
201	-13957.306605	25.0000	25.0000	625.0000
202	-14773.245878	25.0000	25.0000	625.0000
203	-14021.949175	25.0000	25.0000	625.0000
204	-14347.721162	25.0000	25.0000	625.0000
205	-14657.365688	25.0000	25.0000	625.0000
206	-14397.893187	25.0000	25.0000	625.0000
207	-14252.208010	25.0000	25.0000	625.0000
208	-14029.354798	25.0000	25.0000	625.0000
209	-14302.851113	25.0000	25.0000	625.0000
210	-14351.575163	25.0000	25.0000	625.0000
211	-14350.287155	25.0000	25.0000	625.0000
212	-14207.505529	25.0000	25.0000	625.0000
213	-13964.897539	25.0000	25.0000	625.0000
214	-13998.729578	25.0000	25.0000	625.0000
215	-13914.082896	25.0000	25.0000	625.0000
216	-13719.031471	25.0000	25.0000	625.0000
217	-13608.960203	25.0000	25.0000	625.0000
218	-13848.860470	25.0000	25.0000	625.0000
219	-14934.271681	25.0000	25.0000	625.0000
220	-14149.035530	25.0000	25.0000	625.0000
221	-14204.845710	25.0000	25.0000	625.0000
222	-14221.587324	25.0000	25.0000	625.0000
223	-14240.423410	25.0000	25.0000	625.0000
224	-14078.364882	25.0000	25.0000	625.0000
225	-13830.104789	25.0000	25.0000	625.0000
226	-14722.104949	25.0000	25.0000	625.0000
227	-14414.215592	25.0000	25.0000	625.0000
228	-14518.429756	25.0000	25.0000	625.0000
229	-15054.105911	25.0000	25.0000	625.0000
230	-15379.710125	25.0000	25.0000	625.0000
231	-14709.255547	25.0000	25.0000	625.0000
232	-15354.168876	25.0000	25.0000	625.0000
233	-15638.924178	25.0000	25.0000	625.0000
234	-16066.357266	25.0000	25.0000	625.0000
235	-15469.032909	25.0000	25.0000	625.0000
236	-16044.986465	25.0000	25.0000	625.0000
237	-15815.760381	25.0000	25.0000	625.0000
238	-15666.020758	25.0000	25.0000	625.0000
239	-15740.798696	25.0000	25.0000	625.0000
240	-16199.389203	25.0000	25.0000	625.0000
241	-16373.272197	25.0000	25.0000	625.0000
242	-16397.347381	25.0000	25.0000	625.0000
243	-16996.682550	25.0000	25.0000	625.0000
244	-16104.576318	25.0000	25.0000	625.0000
245	-16995.120077	25.0000	25.0000	625.0000
246	-16651.515961	25.0000	25.0000	625.0000
247	-16482.611396	25.0000	25.0000	625.0000
248	-17376.684188	25.0000	25.0000	625.0000
249	-16784.796393	25.0000	25.0000	625.0000
250	-16643.987628	25.0000	25.0000	625.0000
251	-16888.173858	25.0000	25.0000	625.0000
252	-16762.518574	25.0000	25.0000	625.0000
253	-17208.131049	25.0000	25.0000	625.0000
254	-17695.064522	25.0000	25.0000	625.0000
255	-17871.319159	25.0000	25.0000	625.0000
256	-18497.961571	25.0000	25.0000	625.0000
257	-17996.155251	25.0000	25.0000	625.0000
258	-17683.214232	25.0000	25.0000	625.0000
259	-18032.811796	25.0000	25.0000	625.0000
260	-18523.651215	25.0000	25.0000	625.0000
261	-17834.699712	25.0000	25.0000	625.0000
262	-17943.942956	25.0000	25.0000	625.0000
263	-18134.725294	25.0000	25.0000	625.0000
264	-17758.451982	25.0000	25.0000	625.0000
265	-17862.104409	25.0000	25.0000	625.0000
266	-18406.273535	25.0000	25.0000	625.0000
267	-17400.789659	25.0000	25.0000	625.0000
268	-16990.216657	25.0000	25.0000	625.0000
269	-16903.651787	25.0000	25.0000	625.0000
270	-16337.082859	25.0000	25.0000	625.0000
271	-17140.366579	25.0000	25.0000	625.0000
272	-16370.799003	25.0000	25.0000	625.0000
273	-16578.493240	25.0000	25.0000	625.0000
274	-16136.449297	25.0000	25.0000	625.0000
275	-16952.062762	25.0000	25.0000	625.0000
276	-16741.357140	25.0000	25.0000	625.0000
277	-16910.390048	25.0000	25.0000	625.0000
278	-17090.249974	25.0000	25.0000	625.0000
279	-16437.170880	25.0000	25.0000	625.0000
280	-17417.449844	25.0000	25.0000	625.0000
281	-16916.198836	25.0000	25.0000	625.0000
282	-16666.267868	25.0000	25.0000	625.0000
283	-16529.437105	25.0000	25.0000	625.0000
284	-16684.908737	25.0000	25.0000	625.0000
285	-16403.270929	25.0000	25.0000	625.0000
286	-15946.003633	25.0000	25.0000	625.0000
287	-16342.894988	25.0000	25.0000	625.0000
288	-16370.109890	25.0000	25.0000	625.0000
289	-16520.918787	25.0000	25.0000	625.0000
290	-16677.894875	25.0000	25.0000	625.0000
291	-16275.064324	25.0000	25.0000	625.0000
292	-16664.963754	25.0000	25.0000	625.0000
293	-16772.305069	25.0000	25.0000	625.0000
294	-16102.457077	25.0000	25.0000	625.0000
295	-16774.708663	25.0000	25.0000	625.0000
296	-16002.477895	25.0000	25.0000	625.0000
297	-16180.545228	25.0000	25.0000	625.0000
298	-16657.051693	25.0000	25.0000	625.0000
299	-16628.019450	25.0000	25.0000	625.0000
300	-17128.356305	25.0000	25.0000	625.0000
301	-17081.017314	25.0000	25.0000	625.0000
302	-16645.662900	25.0000	25.0000	625.0000
303	-17193.290614	25.0000	25.0000	625.0000
304	-17688.111816	25.0000	25.0000	625.0000
305	-16679.387131	25.0000	25.0000	625.0000
306	-17202.883577	25.0000	25.0000	625.0000
307	-16961.838065	25.0000	25.0000	625.0000
308	-16786.727083	25.0000	25.0000	625.0000
309	-17153.691819	25.0000	25.0000	625.0000
310	-17428.271231	25.0000	25.0000	625.0000
311	-17141.857620	25.0000	25.0000	625.0000
312	-17911.767230	25.0000	25.0000	625.0000
313	-17320.013032	25.0000	25.0000	625.0000
314	-18145.641945	25.0000	25.0000	625.0000
315	-17764.355800	25.0000	25.0000	625.0000
316	-17575.220266	25.0000	25.0000	625.0000
317	-17248.321711	25.0000	25.0000	625.0000
318	-17727.609525	25.0000	25.0000	625.0000
319	-17076.906886	25.0000	25.0000	625.0000
320	-17121.597218	25.0000	25.0000	625.0000
321	-16783.085628	25.0000	25.0000	625.0000
322	-16573.111759	25.0000	25.0000	625.0000
323	-16181.983677	25.0000	25.0000	625.0000
324	-16496.266333	25.0000	25.0000	625.0000
325	-16322.730201	25.0000	25.0000	625.0000
326	-16057.795159	25.0000	25.0000	625.0000
327	-16261.104993	25.0000	25.0000	625.0000
328	-16449.839349	25.0000	25.0000	625.0000
329	-17052.071645	25.0000	25.0000	625.0000
330	-16941.201196	25.0000	25.0000	625.0000
331	-17064.493666	25.0000	25.0000	625.0000
332	-16861.071759	25.0000	25.0000	625.0000
333	-18004.257114	25.0000	25.0000	625.0000
334	-17368.583009	25.0000	25.0000	625.0000
335	-16879.225067	25.0000	25.0000	625.0000
336	-16677.401308	25.0000	25.0000	625.0000
337	-16937.857967	25.0000	25.0000	625.0000
338	-16593.679162	25.0000	25.0000	625.0000
339	-16617.085563	25.0000	25.0000	625.0000
340	-17533.822305	25.0000	25.0000	625.0000
341	-16957.902048	25.0000	25.0000	625.0000
342	-17056.353081	25.0000	25.0000	625.0000
343	-17083.706705	25.0000	25.0000	625.0000
344	-17129.969278	25.0000	25.0000	625.0000
345	-16463.488927	25.0000	25.0000	625.0000
346	-16782.228662	25.0000	25.0000	625.0000
347	-17017.298644	25.0000	25.0000	625.0000
348	-16429.634057	25.0000	25.0000	625.0000
349	-17121.514316	25.0000	25.0000	625.0000
350	-16987.868768	25.0000	25.0000	625.0000
351	-17437.770360	25.0000	25.0000	625.0000
352	-17091.146957	25.0000	25.0000	625.0000
353	-17113.518264	25.0000	25.0000	625.0000
354	-17303.609488	25.0000	25.0000	625.0000
355	-17524.793348	25.0000	25.0000	625.0000
356	-16998.240908	25.0000	25.0000	625.0000
357	-17997.686582	25.0000	25.0000	625.0000
358	-16702.364564	25.0000	25.0000	625.0000
359	-18282.473899	25.0000	25.0000	625.0000
360	-16774.488165	25.0000	25.0000	625.0000
361	-16279.574780	25.0000	25.0000	625.0000
362	-16334.938573	25.0000	25.0000	625.0000
363	-15948.294508	25.0000	25.0000	625.0000
364	-16749.513818	25.0000	25.0000	625.0000
365	-16557.981285	25.0000	25.0000	625.0000
366	-16141.256257	25.0000	25.0000	625.0000
367	-17229.405204	25.0000	25.0000	625.0000
368	-16661.943573	25.0000	25.0000	625.0000
369	-16380.405020	25.0000	25.0000	625.0000
370	-16288.046589	25.0000	25.0000	625.0000
371	-16531.241383	25.0000	25.0000	625.0000
372	-16202.719437	25.0000	25.0000	625.0000
373	-16448.712686	25.0000	25.0000	625.0000
374	-16382.468660	25.0000	25.0000	625.0000
375	-17026.953612	25.0000	25.0000	625.0000
376	-16860.271456	25.0000	25.0000	625.0000
377	-16596.694422	25.0000	25.0000	625.0000
378	-17222.256251	25.0000	25.0000	625.0000
379	-16813.767399	25.0000	25.0000	625.0000
380	-16893.271232	25.0000	25.0000	625.0000
381	-16086.299677	25.0000	25.0000	625.0000
382	-16499.950659	25.0000	25.0000	625.0000
383	-16860.944168	25.0000	25.0000	625.0000
384	-16377.711731	25.0000	25.0000	625.0000
385	-16408.486944	25.0000	25.0000	625.0000
386	-16551.195787	25.0000	25.0000	625.0000
387	-15928.195267	25.0000	25.0000	625.0000
388	-16626.310616	25.0000	25.0000	625.0000
389	-16653.928821	25.0000	25.0000	625.0000
390	-17102.082668	25.0000	25.0000	625.0000
391	-16685.476545	25.0000	25.0000	625.0000
392	-17216.671819	25.0000	25.0000	625.0000
393	-17324.144748	25.0000	25.0000	625.0000
394	-16890.418543	25.0000	25.0000	625.0000
395	-16682.462020	25.0000	25.0000	625.0000
396	-16368.894632	25.0000	25.0000	625.0000
397	-17365.188313	25.0000	25.0000	625.0000
398	-16760.154516	25.0000	25.0000	625.0000
399	-17030.379664	25.0000	25.0000	625.0000
400	-17762.855027	25.0000	25.0000	625.0000
401	-16959.759266	25.0000	25.0000	625.0000
402	-17266.138257	25.0000	25.0000	625.0000
403	-17210.988522	25.0000	25.0000	625.0000
404	-17664.848979	25.0000	25.0000	625.0000
405	-17510.228519	25.0000	25.0000	625.0000
406	-16829.475118	25.0000	25.0000	625.0000
407	-17108.941736	25.0000	25.0000	625.0000
408	-16477.235772	25.0000	25.0000	625.0000
409	-16407.401289	25.0000	25.0000	625.0000
410	-17106.880430	25.0000	25.0000	625.0000
411	-16451.858706	25.0000	25.0000	625.0000
412	-16360.429909	25.0000	25.0000	625.0000
413	-16938.523393	25.0000	25.0000	625.0000
414	-16034.964816	25.0000	25.0000	625.0000
415	-16660.606517	25.0000	25.0000	625.0000
416	-17185.637301	25.0000	25.0000	625.0000
417	-16899.166169	25.0000	25.0000	625.0000
418	-17417.000294	25.0000	25.0000	625.0000
419	-17230.649499	25.0000	25.0000	625.0000
420	-17925.702327	25.0000	25.0000	625.0000
421	-16622.558740	25.0000	25.0000	625.0000
422	-16958.104230	25.0000	25.0000	625.0000
423	-17526.031599	25.0000	25.0000	625.0000
424	-16602.145484	25.0000	25.0000	625.0000
425	-17353.737523	25.0000	25.0000	625.0000
426	-16711.132654	25.0000	25.0000	625.0000
427	-16921.293416	25.0000	25.0000	625.0000
428	-16971.502560	25.0000	25.0000	625.0000
429	-17026.279629	25.0000	25.0000	625.0000
430	-16800.255571	25.0000	25.0000	625.0000
431	-16363.409593	25.0000	25.0000	625.0000
432	-16761.408147	25.0000	25.0000	625.0000
433	-16588.685937	25.0000	25.0000	625.0000
434	-16375.715154	25.0000	25.0000	625.0000
435	-16608.681298	25.0000	25.0000	625.0000
436	-16597.339864	25.0000	25.0000	625.0000
437	-16476.518855	25.0000	25.0000	625.0000
438	-16785.783733	25.0000	25.0000	625.0000
439	-16852.601401	25.0000	25.0000	625.0000
440	-16357.657607	25.0000	25.0000	625.0000
441	-16634.246164	25.0000	25.0000	625.0000
442	-16611.464954	25.0000	25.0000	625.0000
443	-16412.128450	25.0000	25.0000	625.0000
444	-16675.913192	25.0000	25.0000	625.0000
445	-16224.811397	25.0000	25.0000	625.0000
446	-16244.030823	25.0000	25.0000	625.0000
447	-16811.577216	25.0000	25.0000	625.0000
448	-16569.967454	25.0000	25.0000	625.0000
449	-16814.732018	25.0000	25.0000	625.0000
450	-16698.444634	25.0000	25.0000	625.0000
451	-16605.024095	25.0000	25.0000	625.0000
452	-16420.846553	25.0000	25.0000	625.0000
453	-16960.444822	25.0000	25.0000	625.0000
454	-16384.357388	25.0000	25.0000	625.0000
455	-16900.033602	25.0000	25.0000	625.0000
456	-16628.048882	25.0000	25.0000	625.0000
457	-16781.062292	25.0000	25.0000	625.0000
458	-16601.215888	25.0000	25.0000	625.0000
459	-16638.915735	25.0000	25.0000	625.0000
460	-16793.135975	25.0000	25.0000	625.0000
461	-16984.004417	25.0000	25.0000	625.0000
462	-18038.340097	25.0000	25.0000	625.0000
463	-16876.819633	25.0000	25.0000	625.0000
464	-17333.204532	25.0000	25.0000	625.0000
465	-17574.325697	25.0000	25.0000	625.0000
466	-17001.789305	25.0000	25.0000	625.0000
467	-17036.252007	25.0000	25.0000	625.0000
468	-16792.275758	25.0000	25.0000	625.0000
469	-17385.117116	25.0000	25.0000	625.0000
470	-16420.456622	25.0000	25.0000	625.0000
471	-16852.616950	25.0000	25.0000	625.0000
472	-16937.049617	25.0000	25.0000	625.0000
473	-16003.989129	25.0000	25.0000	625.0000
474	-17583.865748	25.0000	25.0000	625.0000
475	-17121.541991	25.0000	25.0000	625.0000
476	-16390.380444	25.0000	25.0000	625.0000
477	-16643.430137	25.0000	25.0000	625.0000
478	-17251.440730	25.0000	25.0000	625.0000
479	-16614.330503	25.0000	25.0000	625.0000
480	-17178.169619	25.0000	25.0000	625.0000
481	-16569.914095	25.0000	25.0000	625.0000
482	-17828.196880	25.0000	25.0000	625.0000
483	-16794.979035	25.0000	25.0000	625.0000
484	-17023.128626	25.0000	25.0000	625.0000
485	-16901.615893	25.0000	25.0000	625.0000
486	-16643.144185	25.0000	25.0000	625.0000
487	-16970.537193	25.0000	25.0000	625.0000
488	-16737.795146	25.0000	25.0000	625.0000
489	-17354.806719	25.0000	25.0000	625.0000
490	-17002.105083	25.0000	25.0000	625.0000
491	-16802.474250	25.0000	25.0000	625.0000
492	-17264.802090	25.0000	25.0000	625.0000
493	-17279.237640	25.0000	25.0000	625.0000
494	-16582.748446	25.0000	25.0000	625.0000
495	-16418.021950	25.0000	25.0000	625.0000
496	-17032.508451	25.0000	25.0000	625.0000
497	-17451.170709	25.0000	25.0000	625.0000
498	-16539.280620	25.0000	25.0000	625.0000
499	-16726.523015	25.0000	25.0000	625.0000
